168
-98
500
-420
-435
268
-17
446
-219
324
72
3
-300
141
201
-139
-499
-351
-38
-278
-348
17
112
393
84
198
287
-277
250
-320
471
38
-197
-89
-423
-264
71
135
469
347
391
-436
24
184
29
160
268
-253
11
472
-239
429
363
22
-278
-17
-210
343
92
-205
-389
-52
-375
-438
42
234
372
-414
-91
24
89
443
-499
60
-472
22
-178
-414
441
125
-113
-63
-456
177
87
-169
108
-472
-300
257
425
368
-368
190
442
331
-91
95
248
-460
