231
5
219
-345
-62
308
-282
353
125
403
-310
252
327
-119
-243
179
-319
222
136
8
51
492
-334
180
456
38
366
-200
-101
125
336
331
-371
-49
84
347
-96
146
251
-75
-232
161
-470
-196
375
-448
306
110
-484
418
-416
165
-344
308
-480
-38
157
-429
-22
87
465
-370
-166
-205
133
214
-478
-253
-165
251
-319
98
-261
-331
-25
326
252
88
-237
492
32
27
36
96
-39
12
-397
-291
286
-355
81
-429
-305
175
-295
469
299
96
-131
244
