-39
424
-219
140
144
-282
-103
417
328
-150
375
-261
490
97
448
474
424
272
-22
-120
153
-212
192
84
210
433
-482
-96
-70
-272
-4
452
456
-13
14
-256
413
341
-442
186
458
-262
-398
-301
31
308
-188
-464
-318
-241
-446
453
-431
190
-40
250
-128
286
426
35
-403
178
-407
373
-450
288
454
-386
427
161
-413
499
429
275
222
-158
-472
-341
254
-307
-434
384
453
-430
-178
345
-373
-219
-364
305
167
114
122
96
-194
189
182
-450
-394
-263
