-173
-329
37
153
-349
-456
289
268
-172
313
372
-281
163
217
-79
449
50
-442
499
-221
-252
207
-245
-76
151
22
-222
-153
43
-153
-432
-327
319
70
-391
-157
203
90
-272
41
-151
4
214
-467
-178
-49
471
21
386
122
495
240
-289
81
110
426
-376
234
8
-210
50
-405
-151
-268
212
-299
-82
-441
-118
215
-498
377
217
-336
-28
189
-136
224
-187
254
213
-263
-36
-452
327
-480
241
255
-389
478
-43
-154
-384
-498
-214
161
196
413
73
-432
76
357
488
-113
487
-454
-253
-436
163
394
-414
359
136
303
-80
-151
81
464
320
350
-315
424
-61
140
-449
266
-265
-401
-475
156
-276
158
-368
422
-383
369
249
-464
-80
31
257
497
337
411
-206
-441
123
312
-347
52
-371
-430
-490
380
74
-182
-139
-211
-95
349
17
193
7
111
329
259
264
213
185
-435
-445
-16
353
305
460
-332
-347
291
345
-141
-79
-365
306
-98
257
-305
435
53
-255
449
-120
98
-479
-375
-463
26
-126
-18
119
-474
12
-332
-2
106
-355
-468
468
-220
214
-87
-220
-28
426
-231
-137
-488
-77
89
-366
-493
337
-439
98
457
189
392
415
-268
-356
-409
255
280
480
-15
339
101
-327
-370
252
257
69
421
-302
-113
376
-46
195
436
-195
327
-288
-71
-97
182
-361
-371
263
-464
-251
-125
212
-386
-142
-437
-305
-303
150
-302
230
-273
-447
59
-418
114
317
-136
177
-312
47
-380
-237
-460
-488
28
-297
306
435
-464
19
149
399
-408
-452
257
495
-76
272
94
225
384
-490
-50
228
273
416
-337
338
449
428
414
12
145
-43
438
-168
66
-132
137
267
-305
-232
-48
175
312
354
-68
317
-236
-350
-168
-371
-68
111
-159
42
375
321
314
-258
-316
132
-486
-141
270
107
-436
481
-407
255
-123
-176
-458
-350
-24
-304
217
197
-478
386
144
-166
347
-85
140
-383
-56
-185
-241
-442
-116
462
-102
223
-362
148
119
-28
307
484
-344
385
-385
-352
-96
367
-171
266
-219
-362
120
-388
309
-404
445
115
93
490
6
279
-313
-256
33
-297
-29
-172
319
-124
-266
-131
-376
146
-417
182
232
-135
-207
389
485
-61
-236
376
287
494
-165
69
-232
8
105
-355
456
278
-136
265
-478
160
-250
-257
354
97
-185
-52
-419
-10
468
297
23
-491
-448
282
229
-220
421
-433
-207
-302
-252
-379
-462
124
306
-65
-17
242
-142
332
-311
-260
160
224
14
305
185
125
-184
282
213
-221
-247
466
-24
-357
450
-400
27
243
349
484
201
-18
-453
-265
320
-124
431
-488
160
-70
-291
-370
-377
134
-285
-484
324
-120
-459
40
-307
-389
-338
-265
-18
-365
-155
431
147
-49
137
220
264
178
-44
-400
326
-350
-97
13
116
-129
334
498
-419
-145
408
456
-369
-477
75
27
-140
-29
-336
432
-325
455
482
313
-103
-415
78
393
136
6
-27
-41
-480
431
449
314
-472
-473
150
230
-232
-358
450
165
368
397
306
-42
-370
174
-60
315
492
388
-263
-494
95
27
-233
-133
-330
356
438
63
71
-268
-209
-431
55
-425
-148
-277
-329
-53
-60
66
-286
406
231
357
-261
-211
-182
-271
315
496
-173
-452
-97
295
272
-112
375
148
235
381
-250
327
189
-421
14
-16
445
-376
-197
150
182
434
-494
492
418
434
-321
-8
-107
134
-315
-339
336
192
-288
134
133
285
-117
-394
354
-340
298
121
-221
-8
-361
25
33
326
230
34
420
-82
-293
-314
12
-324
230
422
-299
-366
-258
-193
-108
-326
203
160
-169
268
16
45
-378
-136
-259
216
232
-427
293
-467
-438
437
245
-363
-363
-183
463
-473
260
-476
-335
-355
457
183
69
416
231
-226
342
244
-416
427
-282
-453
445
-296
131
-353
-371
-5
-8
-358
291
-419
-307
77
288
-252
-484
-89
-15
227
-454
163
-97
-151
381
-467
-343
-307
-412
-401
288
466
325
498
325
375
-197
115
-212
-13
145
311
106
-137
446
-12
-28
-28
327
-500
-152
452
-12
141
-332
82
43
-493
-416
440
-44
-304
-428
-327
92
105
-185
80
-146
-221
470
-77
78
-465
-324
135
128
-124
-178
-398
417
-212
350
147
68
-325
-355
180
-186
246
-2
-292
217
139
277
251
-335
145
366
-490
405
-326
170
-445
246
345
42
-269
-79
-289
-88
-342
291
37
-171
-258
-55
325
-65
85
-156
428
-11
-262
-100
-271
446
245
83
-106
207
100
-407
-178
64
490
-244
-139
-186
-1
234
127
-7
-47
313
-400
201
-322
273
-219
-423
62
467
87
-310
-280
352
198
331
-180
-228
256
200
-233
-147
-353
325
-294
110
240
-291
-234
291
-312
-183
2
-26
-133
483
-384
465
202
-442
-451
-125
-234
-128
-408
148
-319
-345
-9
80
371
-10
-87
370
242
-194
305
-9
465
18
81
-454
-107
345
377
-51
-476
2
226
-254
143
126
-433
186
99
346
-431
151
36
-386
-56
9
-265
-147
214
-382
421
95
-32
-321
24
-395
-469
-462
-97
210
27
305
354
191
397
-157
-381
209
-8
-362
-250
295
-181
-223
260
-184
-340
426
-381
-361
302
-166
137
459
-448
-360
30
442
395
32
-393
51
-450
497
-97
55
30
498
52
-61
-131
395
-47
475
-480
407
73
132
291
376
