-147
-489
82
274
276
-103
-498
467
-168
68
489
79
500
184
126
-363
-244
-31
-491
-255
320
-76
36
5
-500
216
337
-236
69
379
-161
37
97
263
-320
481
181
-114
109
-331
140
-397
-416
227
332
-78
-421
-35
120
89
-35
-360
437
-25
-230
413
-43
-47
-58
277
-168
312
424
-27
-222
-268
234
-242
-402
-160
310
150
429
-200
-271
369
-274
261
57
166
-297
466
277
-268
411
111
405
-256
-22
-306
-301
451
82
427
-459
199
-111
-137
97
-39
472
382
157
202
-259
188
-75
96
-236
399
142
-476
-484
198
-197
389
-146
87
-290
458
-11
290
41
22
-266
157
10
327
251
173
-364
174
408
340
-183
-227
-318
-332
450
-447
197
-465
212
244
-341
-41
-347
205
372
336
250
-274
-227
161
91
-454
-363
-324
87
-377
-20
-453
-300
33
211
-456
-429
201
153
-286
63
175
-32
287
-186
-81
5
54
152
-143
-33
-239
-242
-417
-381
100
-284
69
-433
98
86
10
-32
-347
-114
462
87
-497
-448
482
357
-359
8
-114
426
266
350
64
-484
-168
433
-277
-424
-261
294
-281
-358
-59
-201
-76
-293
478
226
329
-72
55
-463
348
-32
-334
-463
263
59
336
9
-100
376
29
68
320
-337
15
49
-474
67
-148
87
478
258
-110
439
-59
224
-128
317
-451
407
97
216
192
-79
-252
416
321
-414
56
334
-16
27
75
-137
-18
6
366
-165
217
-498
-111
-311
-406
443
-274
10
-235
-104
281
-191
28
-284
493
-242
-72
211
-123
-337
-386
304
103
-63
-398
49
168
214
-264
140
16
-161
-228
347
-154
-233
-276
-56
-461
-424
-201
491
-91
269
46
-1
-205
223
-429
295
-82
-332
-34
136
147
-479
-167
-222
-45
245
190
490
-60
-348
454
260
192
-105
121
-133
315
9
-60
-88
435
-417
6
432
-135
411
-368
-229
-60
-336
116
-427
433
331
-283
-49
-121
195
74
-489
419
-444
-188
-166
334
236
-253
87
-180
131
-96
-477
-259
79
233
-248
-330
-392
172
-38
-43
-262
197
139
-486
296
-418
-234
-470
153
42
227
-428
106
-109
-409
-317
63
433
40
-72
-488
161
359
-345
402
443
264
14
-357
11
-412
-281
-115
-5
184
-420
363
45
-384
-500
-148
-394
220
156
-188
-243
-280
65
298
395
-273
83
207
-321
112
-260
313
6
-167
278
-499
464
-164
182
156
425
359
-137
221
481
32
-206
-389
467
-155
175
-11
32
342
37
180
-230
185
98
278
-495
-57
28
217
154
-170
-321
-497
-76
-239
-494
-225
-417
349
229
45
22
-261
-56
128
-25
-452
60
377
356
35
-371
126
354
-462
99
-461
-84
411
-34
-365
-167
248
-460
-134
18
408
-200
-448
-306
-335
59
-244
-117
-74
370
481
83
-189
-240
255
-401
-483
-448
-131
-466
424
48
-245
212
270
3
-325
56
-416
496
141
-344
225
168
-56
373
120
-101
22
-21
-350
17
-403
455
-60
-408
-141
188
-32
250
-210
-320
298
-253
498
245
208
-209
349
80
-101
15
303
-225
-410
127
-12
152
-177
72
-6
41
-304
249
51
350
15
-287
-37
96
230
373
384
227
452
-428
-239
360
312
194
-6
-37
349
-326
-397
-404
80
464
-160
-42
448
8
-429
-179
-220
160
469
-315
-58
-414
296
266
-187
43
-6
325
-58
271
-183
456
395
13
-145
-256
-412
-377
-223
-163
404
374
-172
371
230
-27
133
100
-247
-209
184
-174
-76
313
68
-284
-311
328
346
-280
392
-369
-314
-77
-329
52
26
58
-158
-414
305
-500
263
-210
74
-168
-88
341
71
146
-72
-83
318
206
-4
-496
32
436
497
498
12
-392
249
-451
-132
-293
24
-471
-283
193
424
-344
151
-121
231
-147
134
234
122
-475
263
-217
-452
-481
-97
235
-305
-59
-107
492
-463
297
-257
47
468
21
-388
-491
-206
-73
254
-376
418
236
27
-242
343
-91
359
327
463
50
64
122
55
-8
87
-343
-350
-86
103
181
313
203
-188
483
-376
90
-350
-474
-12
-125
340
423
205
302
127
-261
-173
-223
-464
-217
-104
-463
-154
238
-242
-474
-399
-334
-208
-122
-138
352
-13
109
197
-452
-464
433
460
301
-454
5
-472
109
263
466
-79
-346
317
216
-224
-332
417
187
195
-449
-39
195
352
315
348
-459
118
-389
-78
-357
-67
268
377
-229
268
338
74
-316
21
-201
-164
116
-168
-379
107
193
-169
-303
318
-495
-290
-286
101
71
301
-158
-156
-493
-436
-144
411
-358
-37
-477
-177
194
-484
168
-363
164
-401
-204
-4
13
297
48
223
-59
304
-283
-278
-363
474
134
342
437
320
83
371
-310
-151
475
148
-325
79
385
-87
101
192
137
-298
490
429
57
-414
-244
-32
363
-176
-423
-87
491
-481
33
316
302
-281
-223
-135
323
-155
108
160
407
288
-273
-75
-423
186
-3
232
86
-331
-410
317
399
-458
-483
41
490
-470
-254
22
437
432
454
-454
-63
-4
-212
303
-294
426
88
169
353
-349
-216
-211
-316
275
-41
322
-388
133
192
127
-441
96
43
399
-362
-373
244
314
102
-262
-441
491
46
-137
-365
-417
-170
158
327
-500
299
-273
-493
-191
479
-417
-362
-107
-132
-383
-101
-101
-65
-484
186
465
-161
71
129
-355
-48
