-453
-407
-118
-84
-412
105
-56
463
93
-312
-489
238
89
381
-240
133
-358
-97
-159
367
342
172
303
-120
110
-331
322
-337
304
-393
247
169
95
90
-256
-370
342
-351
-210
435
306
393
25
-55
117
-300
-96
-238
451
12
413
188
3
-376
60
-258
-365
-40
249
2
416
-466
-128
-348
441
27
-230
-466
-50
-329
72
-240
183
-332
-295
-426
-229
172
325
104
-452
-85
139
-355
-152
-75
395
-434
461
-205
85
66
-325
-4
144
-429
158
-392
333
490
489
398
-384
-181
-496
468
408
414
430
-34
221
-311
56
-296
338
-361
152
375
-413
-310
-246
181
326
-449
499
-396
80
257
382
-392
22
-358
-39
203
-371
-356
-175
-213
267
-19
-396
196
-301
440
125
-159
-393
-435
179
216
36
108
453
430
-258
385
-241
-24
346
223
-454
-356
175
-100
-432
-273
-37
456
-270
-6
430
141
476
-81
453
-68
-263
94
-446
106
-463
-308
253
470
321
164
62
-219
2
402
191
374
-84
435
-122
-280
178
289
54
332
165
26
-273
-15
-52
192
-183
137
-359
-398
-260
-35
354
-10
127
-185
-312
-358
-245
-25
170
174
-492
-260
-214
-258
-38
-209
324
-324
-17
9
-425
-337
274
365
330
278
-285
-325
-52
-185
-260
343
363
-498
-336
310
-83
166
-428
494
463
-2
-220
-461
-248
-298
478
-383
264
152
417
-122
-495
-476
-75
214
-143
-147
-23
-439
267
286
-127
254
22
-173
459
-431
198
405
216
353
-316
-420
128
-417
238
21
-249
461
130
181
400
-281
266
-462
-241
-306
-35
-140
491
466
40
-391
-321
-262
196
36
8
70
-245
-132
399
123
-160
-431
-209
-132
437
-20
62
342
-489
174
-376
-31
258
265
-138
-275
-248
183
-419
447
6
19
-28
63
-62
-328
-71
-321
114
-154
-416
134
390
-180
-141
312
-367
495
233
-165
198
13
100
-280
-344
-424
-195
310
-15
-87
-369
486
468
318
-216
49
239
-46
158
449
-376
-474
186
2
199
-75
-465
162
149
260
36
-257
113
49
12
456
463
-348
-360
-323
155
347
-69
424
-238
-113
-102
-197
16
-161
-196
-444
-62
-329
425
-429
62
-114
-68
-353
-400
75
-6
-316
-96
-157
336
-218
-26
309
-301
348
362
-11
-380
286
54
-56
-160
-71
-410
-246
-437
-429
3
88
210
35
-30
239
-251
63
435
-156
376
302
360
161
488
-241
-209
-67
-473
-403
-42
347
-44
225
71
-452
-116
313
-257
-197
-491
-19
67
217
463
-453
-419
-334
-467
-319
132
-222
197
467
-275
-26
-270
-224
75
-41
-109
-10
170
336
309
47
46
-404
-477
133
188
-171
-431
-335
-59
-191
-149
-447
484
-415
479
-157
-263
195
220
-134
-85
-271
-350
-64
287
-283
97
378
214
-388
429
216
-430
-441
263
60
303
-386
311
-372
1
-283
-475
-217
-69
-377
-373
-396
-143
251
-308
-53
-228
77
7
469
185
-414
-331
-157
-88
-229
181
320
3
13
89
316
131
-322
-111
326
-346
106
385
-8
-95
141
-69
146
-132
145
341
445
337
-390
410
466
92
-219
-120
-454
-187
412
-455
131
-468
107
0
-383
-85
483
368
-458
-127
-492
74
-308
257
-89
135
38
241
243
-94
322
51
-76
318
468
-106
-379
218
-118
398
278
352
-452
-356
-435
480
-31
91
-305
-132
-485
194
-235
457
419
-437
447
-317
-492
-258
422
346
-378
286
290
-431
405
-223
-264
450
-208
-190
380
75
-137
124
217
225
-74
-238
-279
-53
-394
450
-176
-63
-6
-195
-7
-185
-90
175
-334
161
-379
142
451
386
70
-41
125
89
450
128
-328
305
20
320
-272
213
9
432
-358
220
96
-227
205
-393
2
-110
475
-58
44
170
62
8
144
-414
357
-167
440
488
93
338
110
94
315
216
-382
-385
77
-364
-179
332
277
210
393
-138
267
-427
-427
192
22
-205
-427
-345
-464
-117
-225
52
430
96
-383
-293
53
-61
257
-87
-62
-374
-85
221
-391
-297
194
91
-351
291
-442
-290
-57
-48
74
-50
-498
18
-182
-406
60
202
123
-366
-437
4
-109
-473
-9
383
-75
455
116
-263
-445
-355
244
-165
245
-462
-8
-49
48
-389
-462
78
-319
-336
-275
100
488
-221
237
-77
-184
-109
62
-295
144
-374
469
114
-356
256
158
66
48
-302
211
-266
-354
-98
-256
-207
234
-48
-336
33
69
-297
-294
384
210
-438
246
432
38
253
233
257
-291
41
413
-414
-237
313
52
307
-121
-250
375
317
299
136
-186
-199
352
95
-493
-90
-66
368
463
-145
477
-194
311
445
-64
-127
-145
-168
-481
-425
64
-261
-411
495
-216
-262
-399
473
-359
-16
-347
67
56
73
350
-448
-377
494
-475
-316
424
351
227
-11
-447
-162
-261
-162
383
-75
216
-402
-237
51
-482
-75
286
489
219
-433
290
413
-344
-490
-209
-444
245
79
-123
-366
-151
-450
-244
-180
263
364
-124
-233
169
-99
-256
203
-488
-222
-100
162
435
-399
429
-138
-141
99
-360
235
337
420
82
-421
-498
-11
239
346
406
-410
-434
-139
40
214
79
398
-29
215
338
-83
98
344
-241
-486
247
-286
87
-49
-429
-103
-353
91
422
-56
400
-152
243
166
-486
-291
-221
-173
-35
-348
-328
182
479
112
444
-342
-233
-33
-6
