-489
-450
-391
-199
488
-361
123
31
276
-69
386
-500
409
414
314
-348
-416
278
195
350
-251
92
327
-300
-298
73
494
494
-45
224
-474
412
482
348
-200
-21
-26
198
346
-55
-433
304
336
107
-355
128
-157
-106
36
224
375
49
198
-144
-76
44
-162
217
-403
441
-496
436
487
123
-19
-421
153
-143
-91
108
94
-465
268
-481
-179
-81
105
237
-106
-228
191
-302
425
-109
292
3
414
57
278
-184
387
495
-25
454
-337
211
420
196
6
-243
104
-84
381
-255
468
13
250
-108
-423
500
-416
379
-256
276
217
176
42
-52
-267
170
27
94
-354
283
-482
-463
-3
97
-225
454
-235
229
-231
-92
68
-93
296
-472
-487
268
49
408
147
202
423
429
106
-239
126
314
-65
147
127
-421
111
399
219
150
12
66
319
453
-473
-363
313
-427
398
273
-294
179
-217
313
-300
399
193
-149
312
-326
-278
465
153
458
-79
465
182
440
-412
252
89
-36
145
-150
-111
-343
401
-421
-192
345
-68
-249
-46
387
-86
-215
-153
-357
-79
-407
-265
370
-349
452
191
418
-28
198
-169
147
310
-256
-456
-143
414
-485
356
-154
240
467
-474
391
-329
376
-410
-57
307
-2
-466
-9
-296
147
-360
-290
-245
-147
447
231
486
341
-195
17
-219
332
463
444
-46
-160
-315
368
382
206
138
87
-62
-164
467
420
311
285
206
291
-33
292
214
-269
-154
-384
-415
345
239
-459
340
-63
-270
495
120
279
-455
201
-392
-57
-87
-10
-225
-249
169
-259
262
286
290
-261
238
-193
49
264
1
307
280
181
-60
-54
-144
-424
28
-102
422
-63
255
-137
-183
-107
424
336
400
-228
-29
174
180
298
-310
56
-379
7
466
-197
136
-317
-421
-114
102
275
-491
-43
344
405
-31
469
-454
187
272
-40
248
132
-9
-57
157
56
-16
-387
432
425
28
-386
-367
-39
-138
220
-472
-168
-439
20
-104
387
-246
-288
-441
113
-383
53
-399
-476
243
217
227
-270
468
208
-489
105
-55
274
440
-96
115
-378
-335
29
-404
265
-91
-152
-347
-164
203
-448
-466
19
-263
-88
-66
161
-230
-480
169
77
464
214
313
-60
-257
-325
-289
-170
-104
-357
-439
-92
-459
-341
299
291
-191
-415
-407
37
-165
-428
172
-318
230
200
-294
347
-484
240
-222
129
-424
442
-454
263
-328
340
-461
427
75
263
69
-189
97
326
470
-346
140
-34
420
426
-439
-265
391
189
-235
-238
286
-467
47
299
404
-300
-231
-280
-246
136
-456
166
-382
-112
368
-284
-362
309
-352
-478
337
-347
-73
-110
-266
384
-307
149
-421
-37
-76
-222
-207
484
-476
336
107
-411
-110
485
-448
-114
-325
37
-402
37
73
141
306
-317
-2
-496
-474
58
311
-412
-299
394
228
-55
118
-301
404
81
-27
269
388
484
-121
273
372
-443
-140
-377
334
-198
-471
-359
-452
66
-67
326
-309
-187
-135
-423
-188
479
-481
248
439
484
259
-499
277
-372
-458
331
-443
165
376
-40
293
-316
-48
90
6
-139
129
-62
322
411
418
-67
24
12
373
-75
-462
-369
-48
110
84
205
449
-55
-265
-170
314
-112
-298
351
187
72
-154
-265
342
339
455
-97
-160
-424
245
277
221
-428
-227
-312
204
492
237
246
-412
186
-332
-485
331
345
-183
426
-76
326
-28
-493
-168
497
-190
500
-364
-477
192
375
241
4
-190
103
-371
-380
-272
454
-22
-128
40
-91
-477
51
444
-363
216
-46
473
-395
-216
-192
266
126
-240
-197
136
159
478
376
-56
-256
109
-452
-373
37
440
-443
-104
-59
-21
134
398
-340
210
-145
-122
-183
79
-30
-30
-316
-399
-134
-36
-283
355
-441
-167
284
336
466
453
241
148
-461
158
91
-466
174
295
-193
-316
83
-332
-396
135
-413
456
-206
92
-410
-39
-366
174
-186
195
84
-337
275
-183
102
-287
200
-325
-357
262
-487
-232
-70
366
158
427
465
242
200
328
89
-182
76
403
-406
-113
-310
-263
82
73
126
363
46
193
404
-144
230
-323
-437
-419
-244
489
479
-115
-123
-114
449
276
-117
-273
173
436
-470
-391
-277
167
-468
-295
-119
-86
43
432
59
295
187
-410
-337
97
206
-407
378
-111
-125
-407
-145
-160
-357
408
-117
103
-214
-115
427
-304
-472
155
-228
206
-318
-490
-284
280
-340
209
-28
-374
376
-39
-345
272
-307
392
304
-201
-415
476
-405
82
-403
277
344
-143
187
-82
-408
-337
340
401
37
-273
-125
464
-44
-322
-472
402
329
-55
239
78
-489
286
-255
-436
106
-8
-242
-237
-204
-89
498
-128
347
28
328
-304
244
-463
345
121
-32
154
23
-137
98
128
-167
303
-363
-150
-308
-93
306
367
-134
372
-139
-102
25
485
-442
270
-244
-68
451
326
-468
21
-310
101
-154
125
-204
-80
475
467
-422
231
-49
-230
39
424
-326
351
-211
-144
-110
-95
-253
223
304
-403
190
-315
178
432
322
204
353
96
-81
-217
-464
-482
118
210
188
-36
45
442
380
-41
458
229
145
442
-286
5
-162
82
253
98
270
257
-328
67
488
443
462
-134
159
-152
-82
-137
498
-28
108
424
87
180
-123
388
274
-412
-287
109
-442
-57
-224
120
120
-410
235
458
-377
-246
-7
438
271
