256
-262
262
166
-325
472
-401
-28
-316
120
298
-405
-3
123
42
423
-488
443
-452
-333
473
-95
-12
66
203
-482
-16
-358
-295
-245
-449
393
-332
-148
-109
444
-244
-359
-265
303
192
235
378
163
-222
38
-360
181
193
103
492
-377
50
173
136
-224
-146
-56
174
71
328
-41
-483
-64
-402
-371
298
-431
-471
425
-499
253
-362
-205
67
-303
-469
236
-343
-396
375
-431
36
-16
48
-40
123
102
124
397
-102
-8
396
448
-377
72
234
-252
-315
-7
