329
-416
135
129
182
421
464
-196
142
-136
-484
217
398
-447
-236
324
251
58
-408
-4
463
-223
-348
118
-167
243
132
59
-473
-460
-177
-351
425
203
453
-73
-424
-339
490
-174
-58
-225
226
-127
431
401
-323
249
-303
70
-84
422
-21
-483
-103
-361
400
59
244
154
-107
-147
97
17
27
-23
68
-463
99
-174
-219
306
-135
-491
92
498
-179
-324
149
-40
-227
230
-447
498
-108
411
394
285
-391
-33
225
379
124
-39
290
-81
-204
111
291
5
