-459
-51
-172
-26
-350
209
-33
-171
436
-60
200
-383
-242
311
452
-9
493
431
323
-69
-141
90
399
-347
-208
-130
-96
198
199
376
-58
205
257
27
368
393
142
-227
-482
385
175
288
-209
-197
156
160
-374
204
-275
362
22
117
130
225
-483
347
215
232
2
278
-196
-468
-332
341
-212
-424
-469
434
-255
126
-81
282
375
223
-154
-165
492
-430
-131
45
110
111
-440
435
238
329
462
-131
418
-218
428
-93
102
-188
32
17
-398
-420
407
25
329
-416
135
129
182
421
464
-196
142
-136
-484
217
398
-447
-236
324
251
58
-408
-4
463
-223
-348
118
-167
243
132
59
-473
-460
-177
-351
425
203
453
-73
-424
-339
490
-174
-58
-225
226
-127
431
401
-323
249
-303
70
-84
422
-21
-483
-103
-361
400
59
244
154
-107
-147
97
17
27
-23
68
-463
99
-174
-219
306
-135
-491
92
498
-179
-324
149
-40
-227
230
-447
498
-108
411
394
285
-391
-33
225
379
124
-39
290
-81
-204
111
291
5
-205
109
417
-66
80
-256
3
25
276
-227
-282
498
339
77
475
170
-308
-35
-410
-171
-7
86
-215
-6
-59
-325
-55
112
60
277
284
-234
70
278
482
-370
-48
99
20
-220
-468
-345
-328
128
451
-315
296
366
-363
0
-314
132
-252
-465
-192
124
-164
382
357
-95
340
-378
321
-85
360
467
-188
133
-489
194
54
-52
365
-135
-430
202
98
8
483
343
344
174
-112
280
-260
-93
498
75
-342
-225
-439
-105
89
234
323
402
-335
-348
196
-328
457
-202
-134
164
-96
45
-69
33
-66
3
-385
-458
197
250
-377
-89
-237
471
171
17
27
-80
347
437
-307
-328
-206
-104
-242
-411
-36
-234
-57
209
-404
190
-215
151
281
-249
-191
-169
-346
-467
412
298
331
425
-191
229
-207
39
123
455
-19
-360
-327
-298
-378
-341
30
-70
-338
-44
-468
138
-234
-87
-264
-496
-372
-19
241
129
-327
-195
-30
495
-334
-496
269
396
441
-116
-308
122
-49
-90
-195
299
-195
349
-152
-361
322
-458
-20
-231
11
-331
256
-262
262
166
-325
472
-401
-28
-316
120
298
-405
-3
123
42
423
-488
443
-452
-333
473
-95
-12
66
203
-482
-16
-358
-295
-245
-449
393
-332
-148
-109
444
-244
-359
-265
303
192
235
378
163
-222
38
-360
181
193
103
492
-377
50
173
136
-224
-146
-56
174
71
328
-41
-483
-64
-402
-371
298
-431
-471
425
-499
253
-362
-205
67
-303
-469
236
-343
-396
375
-431
36
-16
48
-40
123
102
124
397
-102
-8
396
448
-377
72
234
-252
-315
-7
-237
-248
-304
-392
-475
-194
483
241
-95
22
-368
-1
261
410
-342
242
436
331
144
316
370
196
440
61
-143
495
-34
-301
-468
-67
-199
248
-162
-178
-29
-397
-408
373
282
328
-54
-94
481
-143
-114
34
-420
176
323
-176
-434
-179
305
-29
36
-307
125
-152
18
-156
-192
-252
346
-168
384
-491
88
-398
205
178
74
-483
-101
-395
-295
61
53
424
-226
326
-459
446
81
205
148
456
-64
-145
10
461
105
-19
411
124
-443
326
171
426
-279
-380
231
5
219
-345
-62
308
-282
353
125
403
-310
252
327
-119
-243
179
-319
222
136
8
51
492
-334
180
456
38
366
-200
-101
125
336
331
-371
-49
84
347
-96
146
251
-75
-232
161
-470
-196
375
-448
306
110
-484
418
-416
165
-344
308
-480
-38
157
-429
-22
87
465
-370
-166
-205
133
214
-478
-253
-165
251
-319
98
-261
-331
-25
326
252
88
-237
492
32
27
36
96
-39
12
-397
-291
286
-355
81
-429
-305
175
-295
469
299
96
-131
244
168
-98
500
-420
-435
268
-17
446
-219
324
72
3
-300
141
201
-139
-499
-351
-38
-278
-348
17
112
393
84
198
287
-277
250
-320
471
38
-197
-89
-423
-264
71
135
469
347
391
-436
24
184
29
160
268
-253
11
472
-239
429
363
22
-278
-17
-210
343
92
-205
-389
-52
-375
-438
42
234
372
-414
-91
24
89
443
-499
60
-472
22
-178
-414
441
125
-113
-63
-456
177
87
-169
108
-472
-300
257
425
368
-368
190
442
331
-91
95
248
-460
32
263
-483
-306
-330
-469
344
104
-287
233
404
-144
-275
242
440
441
-205
194
-114
-496
-165
471
27
-13
66
6
447
-181
-433
396
-374
-335
427
-453
-94
92
-353
-95
-128
199
106
283
-144
-437
49
-480
222
-388
284
489
-252
146
413
308
-38
-146
495
-370
-288
324
111
-491
105
-318
171
149
157
113
383
-157
-105
-61
495
-245
-289
-51
-213
118
-223
-258
-352
-387
-195
-291
-418
-496
-329
-441
-203
342
-474
-369
-170
-251
392
173
114
383
388
58
-39
424
-219
140
144
-282
-103
417
328
-150
375
-261
490
97
448
474
424
272
-22
-120
153
-212
192
84
210
433
-482
-96
-70
-272
-4
452
456
-13
14
-256
413
341
-442
186
458
-262
-398
-301
31
308
-188
-464
-318
-241
-446
453
-431
190
-40
250
-128
286
426
35
-403
178
-407
373
-450
288
454
-386
427
161
-413
499
429
275
222
-158
-472
-341
254
-307
-434
384
453
-430
-178
345
-373
-219
-364
305
167
114
122
96
-194
189
182
-450
-394
-263
