-205
109
417
-66
80
-256
3
25
276
-227
-282
498
339
77
475
170
-308
-35
-410
-171
-7
86
-215
-6
-59
-325
-55
112
60
277
284
-234
70
278
482
-370
-48
99
20
-220
-468
-345
-328
128
451
-315
296
366
-363
0
-314
132
-252
-465
-192
124
-164
382
357
-95
340
-378
321
-85
360
467
-188
133
-489
194
54
-52
365
-135
-430
202
98
8
483
343
344
174
-112
280
-260
-93
498
75
-342
-225
-439
-105
89
234
323
402
-335
-348
196
-328
