107
142
319
175
-279
-163
-356
-232
-192
-369
80
119
-297
-442
203
450
-172
204
-305
74
-399
328
483
-84
287
108
245
-31
-189
442
-393
183
-323
109
-299
407
211
-50
389
-155
-217
352
228
52
-475
79
-324
-432
-146
-395
235
-98
160
267
-233
-235
147
306
-399
-406
225
-490
-413
57
227
-423
36
273
-456
380
285
-71
-366
76
361
402
-337
-454
211
264
-44
-489
-152
-179
-226
452
-451
88
-323
272
-41
-264
379
-450
-454
171
378
479
-348
-39
194
-367
-64
485
-438
116
-14
94
464
311
207
315
304
69
-125
470
380
-478
417
310
-271
-158
200
199
-18
-384
177
-162
376
113
-105
-111
294
159
-351
427
-403
-109
358
-129
-266
-338
179
361
161
202
-337
44
-156
-468
70
304
-283
-42
-107
341
-324
32
-450
26
-28
88
-410
499
-291
-328
-482
-470
69
128
-51
442
-52
-104
20
433
293
468
46
24
-36
-464
61
277
-115
397
-57
-193
-234
266
-146
-377
274
118
46
-218
437
-434
82
-245
-192
393
-20
-407
246
-284
212
-253
92
472
-192
120
-265
-472
-150
149
-21
-223
151
472
493
53
-82
379
-371
491
-151
226
-328
176
-335
-342
-462
-174
418
346
-38
-171
-124
382
450
185
-459
-140
-447
-23
-47
171
-426
-442
-351
26
21
-458
-370
227
-258
334
-464
-396
-459
-163
33
245
-48
202
241
4
364
-116
-12
-404
-175
154
-475
-470
8
-443
62
309
341
-495
-267
390
-17
146
52
-38
89
347
-341
-285
101
-174
272
-353
104
341
381
161
384
-266
-99
251
-497
-236
316
174
360
414
186
391
185
-244
238
-435
-121
426
94
-435
-499
-399
-485
113
75
-371
112
-347
345
-99
-217
-97
152
-28
84
-349
-460
-289
-47
123
324
106
-490
370
108
-246
481
254
-329
-56
-218
143
-215
477
-380
-95
382
201
134
175
61
379
138
137
-273
-134
119
233
82
324
-308
-4
-244
-279
-460
-87
-325
51
261
-232
-217
472
-8
455
-364
190
30
-41
-394
-295
33
310
-65
111
-116
257
-429
423
-29
84
48
-25
68
-358
239
28
163
18
-45
34
393
-145
244
247
245
-82
-277
-464
226
-101
-469
247
-117
18
-254
274
-323
421
-393
-414
187
-317
181
144
95
-9
489
-267
376
136
-362
401
169
345
73
-76
-89
75
-397
-58
230
-364
339
-70
-124
444
306
-118
188
337
423
-222
-305
166
262
145
-462
-63
417
281
295
-426
-78
220
103
89
-42
-312
6
-347
72
349
282
372
-64
-460
315
-145
458
-474
-436
1
-464
-114
334
58
162
-130
113
457
134
-412
-321
-437
-436
-133
-281
168
251
-130
-400
-23
-247
332
-102
62
369
332
355
-86
140
369
-28
373
401
-256
-271
-460
258
316
342
18
415
249
-391
-276
153
-177
-182
481
235
-199
469
83
-164
-430
-452
425
-387
-235
324
200
60
208
-476
494
396
-345
216
184
20
-481
436
-416
-299
-409
339
333
309
143
-109
-318
126
-242
175
341
-460
260
-22
-273
371
39
79
-316
-246
-381
-386
-100
-431
-136
-351
216
-49
422
-383
203
-105
153
176
54
218
456
173
454
334
487
-70
-430
184
493
-378
-2
480
-237
442
-271
321
-449
119
151
167
-381
328
-482
383
-261
122
409
-436
412
341
211
98
24
443
232
200
-61
-412
-283
318
-64
-278
287
-292
-186
-238
-385
363
-477
-342
356
97
-421
398
364
417
-442
-129
-499
-321
-418
-97
250
262
-108
167
271
204
276
325
381
121
-433
207
-335
22
481
-436
487
106
-106
75
-145
-270
140
-410
415
-19
-458
-140
-407
-64
88
309
-196
-212
470
-177
54
283
128
-43
288
274
-268
-454
496
317
52
487
-66
282
129
484
-195
-426
433
-451
-9
304
191
242
27
166
290
-141
-368
324
-257
-361
89
-161
69
-314
-387
-450
87
429
-105
156
232
488
-117
448
-265
220
-143
-402
2
500
67
441
-422
-25
434
-74
289
497
-118
341
-461
-414
-36
-123
144
30
-134
-240
124
-240
7
32
251
-36
-29
197
-410
365
-51
436
-136
48
6
-47
-116
-28
-4
-88
-137
-252
-112
79
-480
-144
-34
-340
134
418
3
9
-292
-11
260
370
227
106
-37
214
146
14
-224
-348
36
181
-436
-242
-139
156
125
-458
-211
-477
-156
-125
-73
-349
-64
322
233
393
106
232
-254
251
-423
-210
-196
-460
484
-47
-308
213
323
479
-52
-266
417
280
102
199
-480
-155
-211
110
-400
-167
100
-343
266
456
-365
348
179
134
252
488
-300
-421
44
-49
-127
433
360
286
-139
-126
-236
-77
-371
32
38
-10
434
365
-212
-355
-71
-382
-42
-430
-158
324
480
-207
85
-224
74
329
-404
-45
475
-70
-197
-30
-148
-226
-108
-335
-407
-185
395
94
-60
431
346
-479
-78
382
460
464
-8
43
310
382
-158
-120
-126
-275
-360
153
52
-198
365
184
-342
-26
-286
232
-268
144
-455
-411
88
-216
125
-96
-447
-336
60
218
8
162
-204
265
-136
488
70
83
-15
112
215
-120
84
200
393
-259
422
95
-409
-42
194
-206
-125
337
-53
310
69
276
320
340
-252
-366
-218
-458
-193
-354
-275
-39
-82
49
-281
-108
166
-150
-479
159
-232
-196
-271
