338
-294
474
-360
-26
372
468
396
380
32
-45
253
23
273
-241
115
-4
33
-185
-392
-479
-383
-254
91
326
172
-50
429
-378
-417
425
-331
10
-409
42
193
296
-31
-229
-283
3
113
-229
189
-143
123
304
258
213
322
-326
41
-386
-134
-214
448
-300
15
281
-319
197
199
-496
395
187
145
-323
467
245
-133
420
380
-453
247
98
-11
447
-269
-374
119
-288
361
-388
50
294
-162
-368
-415
-128
52
-45
-349
425
-86
326
-226
34
108
405
425
-499
-319
-305
243
354
-259
-210
-200
265
2
-67
470
45
147
-239
-55
-134
117
127
426
-478
479
306
-266
38
237
284
-198
-245
-473
201
464
-60
25
-266
27
-350
-55
-345
-206
-220
-425
-191
-475
-201
-425
474
-469
-489
-448
227
282
104
330
-59
-123
176
411
156
-138
116
-177
-413
326
105
455
51
166
172
50
310
-101
-408
-231
222
370
-81
-207
-358
433
-129
-328
4
386
-106
480
158
255
-301
93
304
-271
178
457
-495
249
204
-267
274
161
-51
-387
319
333
-234
374
458
471
117
372
-152
-237
-486
-260
381
362
474
378
-206
125
343
-61
-2
-370
-165
259
-295
492
-358
96
414
494
372
-497
-2
69
30
-353
-289
-252
405
401
-314
-71
-318
-303
187
-42
-281
-426
-95
-289
-434
79
359
119
484
-365
154
73
20
-281
328
241
69
428
145
-99
-486
-206
296
-280
-378
74
496
89
276
486
-160
110
-195
198
-176
-215
496
-210
94
-61
-122
-169
-435
-438
339
-484
-9
399
-236
-68
-168
321
342
490
370
-177
-90
-49
365
-40
-74
-276
137
141
2
-315
308
412
187
-122
82
486
-459
-335
136
-446
-469
-393
22
356
478
403
89
165
-232
-388
210
-117
440
376
129
483
399
-496
459
238
348
370
-82
144
100
-171
-476
16
-175
326
-455
401
-272
54
360
-111
-206
-466
217
-234
248
-483
472
-352
212
321
-424
-316
-80
390
361
-229
-88
368
-300
-175
418
-403
267
239
115
-220
-249
210
-277
391
116
-302
67
-344
474
-51
-364
498
190
-9
-473
338
36
288
-145
147
-282
-234
392
162
387
58
-275
83
-262
-278
-375
-105
-76
-355
-493
-380
462
-128
-258
142
393
357
-487
-415
-16
441
-16
285
-208
364
292
489
-212
376
-15
-455
48
261
-195
-347
-455
-311
339
317
-277
392
-261
-43
2
-376
-435
-267
-275
389
-404
-248
-144
-85
-257
-347
138
478
-280
-402
206
406
188
-321
-355
-185
-161
417
-389
19
-405
325
81
-107
6
288
137
355
317
219
234
-266
64
445
184
-10
266
-282
116
-313
-172
394
-279
55
-408
-228
-51
187
471
-110
-23
248
-23
245
-118
-385
-438
-231
439
-411
-398
17
165
311
-241
48
463
160
-424
120
250
-133
232
473
-65
177
-443
399
210
-197
10
-407
327
-231
421
33
-445
314
390
232
64
-491
64
-406
248
116
458
421
37
-221
-268
-397
-452
-84
215
167
-438
-457
272
-292
-101
176
433
253
195
429
-101
430
-48
-500
339
-19
-183
-315
172
-479
485
379
-135
157
-370
-140
-380
-41
29
-40
-272
486
227
-211
-44
-310
497
-221
440
272
495
198
-54
-196
-271
-25
-13
262
84
80
164
471
-164
-387
-380
-472
84
333
160
346
460
209
447
177
139
205
-75
173
-33
169
340
55
-273
173
133
-425
498
297
315
321
162
105
372
159
272
-376
26
14
350
-216
99
232
-443
-166
182
458
94
265
-2
294
-449
395
-38
-51
-436
-364
-409
-473
-122
311
231
-184
404
-498
427
-325
-22
-293
-153
93
-238
397
485
-74
-417
92
207
488
326
304
-177
-175
-86
266
212
-493
1
261
-452
284
-23
-378
106
411
335
-64
-273
-320
-315
-23
-17
-343
-495
-462
134
103
489
201
197
369
388
314
-390
-419
-475
408
-220
20
146
-157
204
-485
-89
388
448
441
334
255
-234
-326
76
-225
-203
-399
143
497
220
485
27
-275
21
469
216
-60
-131
219
-192
409
-302
190
16
-162
-90
-476
-250
-7
-40
245
-375
168
335
-4
-421
-267
-418
-242
352
156
-315
162
-359
-334
482
303
328
486
409
-238
464
206
-274
-282
-49
-117
-269
-77
-424
376
-194
-160
82
-226
259
297
373
-231
297
171
-339
-150
38
-468
-212
-366
45
-348
-318
113
335
-457
145
434
289
-219
-65
479
86
-102
484
-238
23
448
160
95
191
-142
114
-177
-170
89
-20
-492
-389
-163
-65
-59
375
-24
294
-302
-418
-263
-483
-455
4
-33
64
-486
226
270
-218
-128
-366
292
-40
-196
84
8
-259
331
-261
-240
-140
-489
-491
-319
238
-22
65
205
-446
187
122
89
-6
17
-104
-138
-449
65
372
-362
-203
447
-460
274
-303
-296
-77
-86
142
278
307
-151
-90
364
136
455
-343
-368
113
-262
240
-500
485
452
-267
346
448
-1
460
66
-364
-292
-195
-219
365
-498
-296
-484
-213
110
-48
-325
-51
-247
177
-303
-486
442
110
-453
-26
-344
-29
159
-234
-486
115
260
-460
-357
498
-361
370
-182
-376
-337
130
-180
-105
-178
-476
442
-178
291
284
-188
27
328
381
-293
259
187
36
-225
282
339
-167
-193
-474
-168
257
475
221
32
-456
-446
290
435
59
280
96
-347
