23
53
-311
395
-115
428
-228
-380
61
-434
-415
256
-273
-441
-499
-412
-129
323
128
27
50
322
255
307
-100
371
354
-184
272
138
194
313
-100
214
-304
35
147
7
-420
190
-222
-85
278
-274
-264
283
-500
98
138
342
-314
20
-447
276
463
117
-361
391
454
116
312
482
-483
-39
-452
-311
-454
309
74
427
39
-430
455
323
-293
-233
301
-247
287
-53
7
-400
-21
-463
-288
-219
376
-71
-100
-178
-98
-430
-328
-161
-181
-467
-24
-298
25
49
-182
413
353
390
332
-216
284
458
-105
-276
-12
469
339
-364
163
353
-19
69
492
229
203
-128
318
-25
-442
-432
-382
-412
-42
47
396
379
-272
-304
311
462
419
190
-429
-102
-335
-312
-419
-84
-174
35
-389
-63
276
103
157
-107
369
58
-196
474
316
28
350
-192
364
-375
-328
443
288
-52
-180
-11
-450
-51
474
-316
212
-394
-107
198
250
483
-22
-157
-292
260
100
189
-279
-264
209
173
12
-482
29
-203
-168
-90
-385
408
177
310
164
-433
130
-370
51
231
12
383
-74
82
-101
-494
395
119
-207
-80
-101
-434
-57
-368
129
-4
119
-188
317
284
-171
217
-269
466
273
-132
478
-290
327
57
170
-295
-470
128
-265
-212
-111
206
479
-166
240
-332
-492
339
-250
-13
-92
361
36
359
461
184
-145
432
-253
-171
117
444
-460
-206
137
211
388
-225
-365
426
23
-339
370
-479
64
-390
422
32
3
211
159
205
108
-292
98
-392
-384
270
240
-452
399
-264
-82
-201
-18
380
124
123
64
-80
-142
63
-130
-95
320
233
-210
-437
-353
10
-432
68
11
-268
-169
32
304
-46
261
239
-391
398
171
-290
81
170
281
417
-118
-340
-15
115
-70
37
-58
178
280
-306
-12
-167
419
73
-230
-73
184
-407
-397
-183
377
261
-222
-88
-375
120
31
35
207
-268
-439
-282
-429
-470
213
-112
-224
-185
287
-477
-439
-374
261
-154
170
-367
26
456
-411
446
-242
-161
-87
333
142
295
-223
-40
429
-250
297
400
63
-190
-87
-456
-180
-4
-14
73
-408
380
302
-203
168
51
470
-425
132
-287
-240
-277
-419
-105
235
449
-35
-481
-146
2
-441
451
285
292
139
-184
-72
-442
-429
276
-446
-46
-129
43
-60
79
280
-79
-120
-9
-266
417
205
499
371
-196
66
-377
-286
-156
-58
169
-366
488
298
207
-7
-487
-329
327
33
-205
200
284
43
-210
478
446
444
-313
99
441
124
-64
55
149
-94
145
60
17
-295
-25
-308
-307
343
500
399
206
209
-134
292
119
463
-357
-225
-381
-387
-33
-53
-84
-71
-134
18
-306
176
-233
-55
-370
450
49
67
324
162
-255
53
-88
-406
-115
46
-235
484
433
-295
-427
394
464
-137
259
-269
-371
214
146
-185
267
462
465
412
-408
339
265
13
406
-131
-88
-104
-149
-464
266
310
64
164
363
161
-42
-77
-302
313
391
446
380
399
432
174
-168
130
-78
-80
-68
203
-312
-1
-51
-119
-139
-87
93
96
-302
-311
-495
424
481
340
150
-361
-423
458
14
-489
379
434
221
-272
214
-447
-223
-349
421
81
18
297
-217
-485
419
295
-384
313
181
67
294
-378
-46
-180
130
93
-246
-244
-450
-82
207
-293
345
409
-97
216
-59
111
-378
168
-99
-440
317
297
465
-17
457
240
364
-93
430
229
-438
273
-429
-337
-27
-126
272
-332
-412
211
479
159
22
-326
287
206
233
169
-153
-312
469
378
-102
447
-494
-146
-259
188
350
409
-435
381
85
348
-377
69
317
66
5
-350
-3
-462
-339
75
-362
409
-300
-314
365
349
245
230
43
277
36
-425
-457
352
-3
148
-423
253
-273
-94
-169
384
-311
-306
431
-284
202
-383
4
-329
-99
208
241
-223
-320
234
5
101
-29
296
40
-125
-260
-106
129
260
53
-180
75
279
-151
101
163
214
-287
150
138
67
108
338
491
412
-291
0
100
-181
-30
-200
473
379
-240
-132
-310
44
-299
-8
474
193
-426
181
-108
-216
-252
-158
-167
236
218
57
287
295
118
-307
-270
123
378
167
45
34
-480
-280
483
495
-80
-56
191
-5
343
-427
-88
267
-461
159
366
205
-493
390
-221
-383
-174
257
214
-496
422
211
122
1
364
-356
394
-147
-249
443
401
-208
-138
266
290
199
-234
192
437
-305
294
225
328
-299
-377
117
63
-119
-263
132
344
-60
92
-264
-488
273
373
-91
18
373
27
266
-15
-81
309
-469
287
-476
340
-217
-308
250
229
-199
161
-163
-410
-224
139
59
459
-251
-205
-167
203
292
-388
201
274
-139
-451
-380
183
-133
-350
80
348
-288
-289
-21
-422
130
-283
-260
-369
60
8
105
113
-292
115
270
134
194
36
-182
35
-46
-480
404
452
-58
-94
86
-209
-224
466
-482
-355
-471
-353
90
265
-74
469
8
-428
-286
298
-71
-428
159
-244
-329
-316
-442
-237
-275
76
-291
-478
-260
454
75
499
129
99
167
360
-432
439
-344
-333
-275
-410
186
28
253
223
-368
219
-69
349
-38
-47
-18
195
-111
-304
-478
20
394
-237
-308
343
-332
-444
100
-437
324
-287
-402
-193
43
-98
-255
16
302
134
180
-404
495
-18
132
-233
331
44
221
2
-490
106
-99
-231
223
-426
