32
263
-483
-306
-330
-469
344
104
-287
233
404
-144
-275
242
440
441
-205
194
-114
-496
-165
471
27
-13
66
6
447
-181
-433
396
-374
-335
427
-453
-94
92
-353
-95
-128
199
106
283
-144
-437
49
-480
222
-388
284
489
-252
146
413
308
-38
-146
495
-370
-288
324
111
-491
105
-318
171
149
157
113
383
-157
-105
-61
495
-245
-289
-51
-213
118
-223
-258
-352
-387
-195
-291
-418
-496
-329
-441
-203
342
-474
-369
-170
-251
392
173
114
383
388
58
