141
27
153
357
-108
-103
318
310
9
199
138
-442
154
445
-161
181
-485
151
207
-442
-220
-105
385
344
-393
418
213
231
-105
4
302
-244
-191
97
376
-217
-42
-489
-385
104
-410
283
-420
33
-222
-228
467
-377
-447
-180
194
-252
-16
199
-374
-416
-77
451
198
175
489
-449
-256
-28
-280
-103
391
356
142
-34
-42
-325
-45
107
-354
-490
-355
-126
-476
422
137
-71
96
277
-406
303
-237
86
-229
279
-166
-72
369
40
-213
71
254
58
-186
-121
-113
378
303
338
290
-294
-55
409
158
-271
-4
430
31
-368
-363
154
155
292
-161
223
-118
-377
206
420
-333
50
130
136
-440
-9
10
-25
100
8
-279
58
405
-45
38
434
-353
-6
37
-48
-170
392
-178
-181
403
400
218
-180
-181
-223
-119
129
184
-364
60
430
-384
3
-176
495
-179
121
136
461
83
38
-238
-422
-357
-145
124
-314
367
303
-132
65
-257
126
-355
301
443
79
440
-231
-89
60
302
78
-300
-81
114
107
-447
-343
377
-442
-4
-230
176
64
74
-352
-359
451
-169
-495
-258
-93
-18
-88
244
271
380
29
-322
-134
-20
259
374
-137
388
-273
-44
-26
466
295
-404
22
56
280
80
-335
67
443
-173
254
-21
-489
161
-84
-85
407
253
462
-116
-89
407
-294
248
-92
-301
-43
-185
458
440
280
-342
182
-144
175
266
4
26
444
-56
-484
-235
-304
-198
-126
55
422
211
465
497
262
-289
-420
-350
333
-29
417
-180
-20
158
454
132
27
162
146
-463
470
-336
276
312
220
-103
356
187
95
185
-484
-103
40
-1
-322
-292
-287
-83
-208
-21
342
-397
-391
127
-379
-319
-47
354
181
-62
-253
196
274
116
-53
452
308
377
-86
-328
364
245
202
-150
-120
74
315
-265
-485
-353
79
-351
-175
-470
-221
-346
-453
419
-22
169
-4
146
-244
-294
351
258
-235
240
102
-32
-379
-84
336
198
0
353
341
428
380
-252
228
86
80
-70
159
-463
224
287
-242
-30
-84
-141
-457
79
-115
326
-148
-183
-478
420
-37
-79
317
260
234
291
88
326
371
451
-179
-177
-142
-287
273
102
-257
136
-85
26
-299
-239
-6
-280
122
494
315
-311
-416
293
118
14
332
-50
105
362
-327
335
481
172
415
263
56
419
12
-163
-26
399
3
-25
33
-15
-313
-276
487
59
319
339
-34
283
11
9
287
263
-121
-303
36
57
453
441
-232
-427
-327
119
-24
313
-255
271
76
65
-352
-102
-37
-341
-54
412
-437
-130
482
440
-302
-29
-15
-145
75
-318
-438
209
99
-500
233
-455
378
-368
167
203
413
-73
239
450
307
360
-114
-55
95
394
97
-384
176
-311
-495
-127
52
-267
14
490
162
-259
364
-276
20
227
-407
92
-422
-211
407
163
-332
66
-467
50
238
494
206
-443
493
176
152
226
379
273
50
-410
95
-334
-268
400
7
-342
-450
-320
468
414
242
146
476
-358
-70
46
-9
115
387
369
276
-46
390
-362
163
-418
306
423
331
120
-474
-264
43
-22
-305
-366
439
-340
-114
-350
-419
-438
-462
11
-248
66
-443
362
-374
107
416
-57
-330
446
-24
226
-357
-170
352
-308
-235
481
-95
388
-149
-6
378
279
124
-276
-315
199
-27
-185
32
-180
-72
-316
137
-246
234
-341
-108
139
-22
-48
-474
85
356
-276
266
-183
-9
351
-91
-447
-57
-317
-416
244
306
-221
-245
496
-69
432
-403
-200
-374
-135
273
330
474
-438
-256
416
125
142
360
-355
-281
243
152
407
153
-56
287
437
-315
335
-163
211
63
30
-278
-33
-254
49
-171
-320
-217
197
-408
125
-52
-335
27
472
-390
-37
-123
-261
364
155
297
-160
-498
486
-189
-358
-84
149
-218
-311
52
432
-296
-356
-352
-107
181
490
171
14
274
-421
467
458
450
96
-489
110
181
-341
389
403
-415
-410
-134
-316
274
-28
-320
-92
190
-247
298
-112
-421
-182
77
-170
-240
-121
-69
-337
-7
-144
310
-454
-95
-355
-259
-242
189
366
-163
-220
87
165
-94
261
494
-106
496
42
20
-492
-133
-152
-224
116
-322
-420
68
477
251
-27
-291
-8
-35
-82
150
243
-418
-431
-424
12
-309
461
260
368
-402
153
-160
71
-447
-436
354
-110
200
448
-252
-311
-433
240
-477
0
421
256
143
-253
127
409
-407
-159
363
213
309
155
468
-63
220
-433
284
46
-353
97
315
398
-70
-132
41
363
441
-441
335
287
-329
-2
-430
-165
-436
-451
-38
233
38
-46
249
-422
372
-188
-439
-123
207
433
146
-363
65
-31
-349
-213
-123
-291
-492
491
-382
-56
244
-482
242
-479
405
-12
-261
493
-159
194
205
133
-223
-168
247
-334
374
-202
118
458
-325
-424
267
143
173
149
245
-491
498
472
-465
-273
-437
-91
299
186
-268
-468
-278
132
346
265
-60
491
-474
93
-34
-198
-227
-198
34
172
467
56
186
-258
428
-308
-58
-337
66
432
474
255
-499
-251
-385
-36
-331
-496
-414
423
260
478
276
438
447
491
-414
296
43
167
-369
139
-44
486
42
84
-296
330
330
-135
55
-493
-265
273
209
-23
97
70
-297
-314
169
252
-157
-228
-159
214
62
-96
-78
92
-5
225
-493
281
-378
493
-453
-110
230
-236
363
