457
-202
-134
164
-96
45
-69
33
-66
3
-385
-458
197
250
-377
-89
-237
471
171
17
27
-80
347
437
-307
-328
-206
-104
-242
-411
-36
-234
-57
209
-404
190
-215
151
281
-249
-191
-169
-346
-467
412
298
331
425
-191
229
-207
39
123
455
-19
-360
-327
-298
-378
-341
30
-70
-338
-44
-468
138
-234
-87
-264
-496
-372
-19
241
129
-327
-195
-30
495
-334
-496
269
396
441
-116
-308
122
-49
-90
-195
299
-195
349
-152
-361
322
-458
-20
-231
11
-331
