-459
-51
-172
-26
-350
209
-33
-171
436
-60
200
-383
-242
311
452
-9
493
431
323
-69
-141
90
399
-347
-208
-130
-96
198
199
376
-58
205
257
27
368
393
142
-227
-482
385
175
288
-209
-197
156
160
-374
204
-275
362
22
117
130
225
-483
347
215
232
2
278
-196
-468
-332
341
-212
-424
-469
434
-255
126
-81
282
375
223
-154
-165
492
-430
-131
45
110
111
-440
435
238
329
462
-131
418
-218
428
-93
102
-188
32
17
-398
-420
407
25
