-402
-315
-3
285
-392
353
-267
203
-280
-489
-27
-353
-68
136
-248
-291
-59
405
-144
454
282
139
-54
67
415
-140
192
86
-363
342
200
297
300
173
-234
144
-365
361
169
-423
30
447
20
102
174
-386
128
-113
335
-234
-458
-408
-184
-89
-452
-130
-365
401
202
-332
-207
-146
-130
463
309
-318
-119
-352
123
-187
56
-392
262
73
-325
-27
52
317
-44
133
-352
77
191
-234
-428
-62
-156
-358
101
-36
136
403
104
-130
83
320
-376
-457
476
464
459
263
134
268
281
185
-141
-461
384
186
-205
223
327
-16
369
48
-230
269
188
151
487
-29
-141
81
112
466
54
74
341
-74
489
75
-306
465
-480
-147
46
356
-86
370
444
166
319
-204
-420
446
63
69
-439
-367
461
288
-233
-54
-14
-218
296
-74
176
58
113
369
-453
460
-183
179
-22
118
285
60
-11
-212
175
352
-160
409
-18
-480
336
155
-500
-240
246
-398
-48
250
407
343
-203
212
161
-210
367
455
292
-116
-257
-161
324
-64
80
285
-80
410
-80
366
-471
-257
-129
111
-67
-20
-135
55
186
-438
144
86
-301
-112
427
285
365
-351
-380
-129
-364
107
-212
355
-185
-426
23
181
-442
-396
219
244
138
405
149
425
-385
-287
71
192
-437
-237
213
-36
-16
301
-18
49
-4
198
428
-385
-78
-295
262
-427
-499
222
-205
415
28
33
71
-242
326
386
284
42
-108
16
-5
-10
-486
189
-142
-234
-402
-248
-130
-120
-361
-404
-97
-418
295
-252
343
346
-134
188
-417
287
-121
-358
-386
-377
-130
337
-225
-150
222
-105
178
271
83
10
79
-54
362
436
488
96
-3
-282
198
183
118
330
-63
464
-16
-293
-67
405
203
343
446
26
398
-232
-312
-160
-127
-206
-169
-468
104
258
-95
267
107
304
369
-250
-115
300
288
461
-27
-170
86
397
-489
-126
422
483
-164
393
-436
-379
-351
-96
-86
-420
-201
-234
357
275
115
-118
465
128
149
-139
-23
-425
234
202
452
35
-18
-83
292
-120
-457
497
-73
74
-428
278
429
10
-255
302
114
476
233
-435
357
-61
-289
226
-87
236
-451
105
-497
302
356
-266
265
-168
223
223
-277
-409
-32
449
-377
-226
478
-227
-99
264
-77
-34
-222
-230
-378
27
-168
-91
132
285
446
-128
-147
56
8
-395
145
69
-135
151
-484
-272
-254
-115
111
-416
-484
80
-162
-325
39
-342
-204
-235
429
284
432
214
-19
-431
-270
183
347
423
-385
-447
280
101
143
300
426
125
-301
-361
-139
117
354
91
-91
268
217
-460
-437
-321
302
-249
-316
204
338
478
404
-18
-290
227
-63
112
-389
400
-493
142
270
-94
212
-63
-177
187
-440
-150
-13
-397
-129
246
-137
476
-340
19
-186
-164
-337
-237
33
459
424
-319
-345
-414
98
-261
-107
213
-191
289
31
-236
-477
400
220
155
471
-148
-114
353
99
-298
-164
84
-350
369
500
-147
317
299
-309
-181
-497
-330
-473
350
14
-57
197
107
-233
307
312
401
431
374
-95
84
418
-165
-428
21
-475
-38
-386
-484
313
-433
-304
292
421
-13
499
-286
-437
-102
141
262
163
202
-459
-253
-167
433
111
-1
-376
351
-296
10
-108
-17
-318
415
179
186
-250
423
97
-277
-405
-234
-479
-424
122
-412
194
-219
-312
193
-410
-435
-46
292
451
-417
74
-130
-437
-132
130
50
-422
213
434
468
119
316
-46
-263
-354
-382
237
-455
-5
187
185
438
179
-53
213
-68
-97
191
415
452
198
-326
166
243
-256
303
-294
284
-169
-142
-41
-439
-30
192
-258
-318
4
-228
-431
-180
-16
-282
113
-250
438
491
-129
397
-258
-191
-348
433
115
-437
-269
4
-247
135
-295
-125
464
-485
-27
-59
-344
-36
-417
-25
413
382
-402
-94
-10
-299
288
39
-382
-283
468
422
49
253
-328
-8
-91
-420
23
162
-52
-316
410
-50
159
194
-166
-495
-73
-379
226
-116
308
380
237
-492
20
245
-428
105
-232
-128
-83
235
120
138
-303
-91
-314
-3
-383
386
41
-155
-208
-282
-406
-94
-247
-457
-430
463
367
436
-472
-94
-220
254
172
-237
371
-494
397
-63
459
453
493
-495
167
194
-453
-444
467
-6
254
86
102
-383
-419
75
-210
-470
-333
420
-17
-321
-158
308
106
425
-157
309
42
89
148
100
-497
-387
-202
383
-200
-329
-276
209
-95
-33
366
-286
-401
107
394
-346
179
-464
-133
-266
269
-311
481
403
209
164
202
-25
425
458
128
494
314
116
-36
227
60
192
120
-360
-148
141
-11
407
234
465
-296
482
-57
-182
380
223
429
-174
75
216
-273
-467
-494
-39
-364
-497
375
-16
-265
278
221
-257
-371
363
-376
216
136
-462
-498
150
495
198
384
-341
-452
21
-286
71
153
-57
187
-285
149
-483
51
305
12
143
-411
381
-475
-397
92
-199
-62
-452
-264
-497
434
-426
379
-498
91
366
233
-32
-488
-82
416
-229
-390
448
-426
338
344
-41
-43
354
-102
314
144
-300
291
-338
-331
315
162
-68
-55
341
275
318
125
131
480
-216
-15
454
-471
-269
-146
-76
-15
-231
-338
259
28
-377
382
-176
-142
447
133
-42
17
5
-395
-228
227
191
140
448
-167
-38
-455
-199
-405
30
-227
45
349
278
