-237
-248
-304
-392
-475
-194
483
241
-95
22
-368
-1
261
410
-342
242
436
331
144
316
370
196
440
61
-143
495
-34
-301
-468
-67
-199
248
-162
-178
-29
-397
-408
373
282
328
-54
-94
481
-143
-114
34
-420
176
323
-176
-434
-179
305
-29
36
-307
125
-152
18
-156
-192
-252
346
-168
384
-491
88
-398
205
178
74
-483
-101
-395
-295
61
53
424
-226
326
-459
446
81
205
148
456
-64
-145
10
461
105
-19
411
124
-443
326
171
426
-279
-380
